25301375
16391082
8953728
12749588
11956746
15528514
12382060
27576895
19537208
16356847
22510154
17185223
11451671
25108149
24311576
21786780
20675499
19954230
19489636
19447947
21873484
23277585
18802638
12060743
21869849
19199437
17919655
14700630
15038705
15612710
15812854
17763486
17765264
18458342
20798054
22799266
24402879
20662518
10449723
11410376
11832501
15489167
15640214
16242656
16537546
17113996
15581897
12828631
10770739
23504076
23362147
19875084
15112998
14651102
15186422
21173184
12183629
14652074
15561847
16793515
16677607
20534347
24244835
17009021
20447997
24660171
12172803
12242508
18667169
12436257
16207901
24014395
19835378
25102237
23335766
19737099
17053005
16649078
16724457
23801186
15844935
15257441
24704088
23902230
21175699
18836015
18223111
17369815
16491356
15575696
12904561
12435693
10559177
9613575
9563840
9493390
9393448
9353926
7737500
7749919
8300527
8448148
8416893
1618327
1840640
2234082
2185216
2681144
2575703
2469627
14528002
20174687
19666480
20589823
23990133
23352138
10413619
11728154
12423021
12620260
14602658
16536629
17483290
32546615
18375156
15368570
20662933
25336658
12586396
18600054
18214443
24298873
23978092
20534346
25287056
16568718
16085885
24501776
18567690
23921821
19301315
23360970
23633564
23844627
17985890
25405956
17997563
12791134
10767533
9836424
18710235
19129623
19025863
10334994
18800759
24575817
10972798
12811466
20348291
9770448
23677034
19854930
18578535
28559732
28070827
19968298
19693441
25335861
12940979
19448638
20139316
21351751
22730213
12583909
14736915
21398490
12770825
21614382
1465094
21330439
19651421
11897600
20094652
23968564
15328113
15797213
18223152
18387946
19702337
20704329
9393718
17584617
10873841
19697072
11572948
17827660
19670201
21513878
23521145
23744829
25120234
26582186
27913847
24334092
19383676
24302702
24677362
19040244
12819191
22365607
11094342
18997414
9434161
10094695
16269724
15033239
16581203
20861902
17158935
23102224
21642985
9512878
9497318
11278540
16517661
20726561
25574739
15123265
20081823
9387157
12889805
17563368
18062184
22156425
19590008
20486243
26342019
25372118
12039053
11358695
17317575
21444795
24220109
8643646
7486998
10320771
22508998
23870699
24863423
8953776
20192833
21866960
17379718
19191560
20426415
22339318
16707708
18708355
19281218
25265334
29391515
9003280
24816227
33661567
18586939
18404760
21186805
21633995
18693734
15112997
22590971
24161266
23893651
25317739
24684908
23438151
24595070
22999884
20237660
15556005
24815182
16707694
19726666
23394593
12002995
15700980
18826315
23821465
17704766
17844999
11495990
12770824
15583005
15726184
16039529
17383964
17713071
20013982
21318358
24625190
21375709
23288898
18223641
20853892
25489112
18487408
20692275
24488732
20550125
12399480
12137949
11016846
24035284
23601640
23073761
22765902
22086671
21506596
19292437
19246012
18804114
18691223
18245777
17579485
17338074
17227452
16285746
16164554
15498668
15286722
12421300
10805574
10684659
10519556
10091691
9209048
8636024
7615536
7929165
7683365
1527048
1766437
1716725
1878971
2394677
2469622
18940666
22467789
22474343
23297194
17722122
1335359
1322986
16713002
18553079
24191063
24730509
12384301
16079347
20466770
21393365
23081778
23373695
23763439
24265028
25219533
19928906
20443562
19047004
17625850
17439117
1429222
1429223
1468985
17253852
15911378
24043447
33341113
23800859
21244022
17768249
16391039
15255901
15112992
20140934
24838618
16810496
1644304
23024027
7928998
7828855
18310024
17704772
11137817
19621341
21102601
20690632
16305230
19620242
20926388
8181754
12822997
2583128
7476861
9831526
23782455
12323376
19175308
8169211
20453135
15271354
7881555
22536997
9531987
18070976
9933932
22454092
20583594
18537830
17786405
15123249
16283688
16039521
19352642
11755402
15977274
15515090
23649992
25045187
24383813
20399259
10858335
12855716
8654997
9150235
10102355
11254130
8807845
9375253
9733697
9882681
9889148
10660060
10652287
10779713
11853433
12022840
12733914
12813091
10206788
8668120
8760909
9349712
11683270
12715874
22633415
22120896
10650222
15368568
18988223
16597959
15520376
18051306
19329986
15528645
17381736
10931852
12654660
15515887
17654627
18291320
14982421
19665022
8081500
11372781
19384899
17085966
19908837
21965680
24022606
12115055
16751529
23157252
1548230
1592819
8244926
9609708
2753820
7592377
10658661
10662691
11094336
11410375
11927254
17640665
22444597
15256586
10708392
19181839
10322017
18375553
18364359
18310036
17195255
19101977
16597676
12028378
15712669
20543073
29633497
20562876
12837387
15664522
16007453
17044690
20414653
17873036
12060705
16492565
16208464
23586797
19001367
20225828
15289555
23378574
20304989
17524987
20863139
19201978
18614525
25140825
21699219
21622740
20338518
17584616
20233305
20460722
14522057
21999343
19084058
23302043
9384377
9427658
10390204
11495926
11880037
11932455
19285149
18804027
23798442
12445768
16925444
17784761
11790750
17513473
18020333
17322197
17373765
21135931
22245678
17496129
25291769
23135477
3130293
1547956
1476443
8892828
9696752
10629179
15583166
17573474
15640177
16512902
16910662
20038713
19246763
22571587
24123808
9545426
23405865
12000953
8843436
11447274
17074905
16956972
14679222
25231335
22381697
17921284
17464052
18331040
20055491
23818858
24735013
15870461
22232661
22998630
23451921
16799553
24865933
17005978
8483420
19710707
24168704
18990191
17308187
20189106
21875091
9721311
9720878
23456955
9780228
15942003
21899262
20804163
22344643
22902615
23330675
24121553
16755625
19226505
23109474
23649274
24082142
24887561
18832174
20710026
14523113
17490474
16194230
16140533
23336063
23144389
19915026
24742428
24274668
23360537
21041678
21439483
23790494
23053349
25041948
21520944
17940045
21640802
22278953
15383718
25239907
22909174
31611640
15366877
20000453
22314229
24839542
23751865
21609846
24707815
16452439
22615797
17506328
16723579
22362652
22578145
23841701
22456448
12515465
24673852
17254952
24607714
21883794
25069424
22958453
16713314
1368505
2129535
7597101
11180058
17548217
20851974
18820685
15574905
19304848
25128200
11222588
16585751
18599835
9846750
11208777
8704959
10383985
24269153
23437232
21381663
25022591
25114137
23776469
24225953
22118684
25998659
26668029
26729047
15773985
17981978
23752895
23320867
25118351
20813918
19270142
21456593
11480883
19691450
24149839
22820420
14762003
19514719
17601782
24727275
11277431
12744455
24449899
14702401
15113000
25358800
16426969
17584611
17291795
18029206
17704773
21551032
22941045
16408310
28977734
28972161
29389112
19270147
24382692
19194935
24146831
16511823
17159203
24884615
16505379
12936980
23161816
24782066
24617259
24478763
21930890
24203528
25080196
18491867
21888371
22612591
9457855
23021914
22984777
23911585
20008171
18245249
15883371
17086177
21513887
16751554
7551031
15162201
18552180
14532033
9484890
21057028
9648219
19114506
19139222
21948835
17464077
19400806
11844785
16194596
19202107
10224011
24412962
22725258
24532070
12642677
21770392
7961506
22138996
21239550
25381239
9726851
1740156
24866416
21802007
22524291
7607233
11872722
22556031
17194841
22431611
17085596
17233677
18940665
22003874
24802639
10608807
10658659
10974102
11251818
16751576
15023056
18791001
23433070
21827422
8017945
9361411
10960114
10986268
23103973
7521995
7961627
9079878
10832642
11823212
20578714
12450808
17581139
20023075
10831439
16957199
20628010
24459268
24422756
21478362
24627484
9237644
10919773
8021218
8592997
9461412
10473390
17464078
21183019
19120645
16461661
1482192
7626780
11193411
16233732
15322349
17071789
23167271
7556197
23475977
23776227
17469849
11741840
21983601
21310787
8357242
22101034
22567013
15277670
15673730
10417203
11328600
8328813
9722542
201725
11972779
12622817
12705882
8439156
1539969
8085823
23736764
19191960
8633879
20351769
21229987
20581111
16339937
10858242
15819624
18375757
22001374
8509324
20971906
21950656
21568297
23823732
23878226
24085393
22949633
23897438
18671394
23214991
22388571
24446383
8655570
10198038
20805503
22841713
7802859
21421760
7952189
8522520
9864332
11679081
9783429
10471561
11181394
12499189
15047525
12897830
12949180
20979348
9972273
22118675
12956505
19035375
22983711
24476823
20435915
19732155
15066831
24937678
24769844
20154110
19338336
21788474
24768308
25313391
21107653
20473441
19678698
19246004
19196969
19265401
20562278
24610713
11097892
8633865
11129595
2643580
18689470
11238971
19591924
23995943
28968491
24821187
24391870
24841822
26842395
27166860
25215495
16434154
19035644
18503195
27979943
29045029
16085816
7733978
7592436
10821176
11432736
2254247
16332796
16781830
17008032
18820900
19146479
8021167
7588751
11748235
11914353
18315685
11200234
16625353
18071268
17392281
21284395
16632249
18157854
20540056
21685164
24861595
12189420
21490938
18234666
19031897
17617696
10395965
22591327
23205935
24239699
27921136
24677572
25218740
21876149
22882494
18356490
17872948
21985968
19825834
22506079
27098256
21276937
14745177
19635410
16681390
18722414
23116177
25671343
20536237
18978088
19097780
21299202
19700326
19415934
29158519
18391465
14757238
8628239
10196166
11443082
11937512
12681481
15808935
11132962
16156513
1494349
15376556
19362651
16873023
16680521
16766657
28753625
15313224
9589071
15827636
16258246
19039528
10650224
18663525
9245803
16915821
16632251
16151088
17335096
19477421
16725283
7686997
9770287
10699509
11401986
11230405
11773119
12581358
18215476
20362405
7961465
12057957
18210176
12624205
16269783
17142402
14767675
15741740
16085866
11513745
12458173
17631048
17185554
9784561
7677991
7559340
8971705
9620955
10517601
18304669
11589581
8253667
1370280
11043980
12374825
18310345
18557895
10627048
9988483
11763133
15473911
12057956
12777482
20801103
11238967
15375135
17072668
18441119
9712783
11741945
15316277
15073305
17202151
17237178
18515358
11096116
12740380
15044388
19304819
20200052
8626338
21707799
8759852
9763683
9023225
8544814
11902715
19346339
22691180
24584498
16873021
11851909
12620350
18192444
15933009
15870460
16397874
24503982
17396254
19756308
12135580
15654104
18655839
23213353
24648189
31904957
24227628
15743957
11983340
12617516
12619684
14763561
16195595
20624727
17158611
25865308
21779844
20490411
19962399
18949702
17925955
17176066
16874749
15100990
11596879
11418029
11075927
10803951
22391969
12480894
12604514
12670542
15977275
15870333
15723521
12904558
12898629
12777382
17464055
17308937
17077503
16849806
16834331
16276503
17580964
24407645
21890635
20946900
12368465
11036020
15554710
14993313
15123279
14622269
12436260
16274243
18288655
17584615
23652970
21953874
10770754
10801869
12736771
15942002
15752721
24407644
19762445
18568336
18997325
19857499
17329822
16514445
12876368
12680772
11325587
25036635
19717629
24467333
12057948
10681345
15342599
17317567
23104404
14982786
22751548
14742203
18931110
24420617
25399205
22435762
1472501
10223939
2207091
15644894
14693539
8088547
9515708
11319114
15793135
18388457
19011915
19941870
20711575
16506699
12725858
19465647
12498889
11823218
15128576
16283251
19897647
19809243
9274025
19453514
16859689
12055309
10803903
14715006
10048024
23898213
18505396
24814673
7737149
9128724
12423351
12964155
19351877
20157116
20418426
20578003
23912167
10712601
11212921
19233844
19383687
8576156
18721750
22717438
28342817
18412191
24907335
20190091
20676084
20194504
19331657
20070370
30526412
24974229
24446431
24898429
24588891
11577160
25267678
15184904
20713732
24347692
19255478
14702400
21956130
9098069
10852872
15864550
20086163
20416511
25062661
22187221
16720268
18721747
17906152
19085073
18811645
19054329
18988741
9573173
10099135
9675851
10411269
9353942
17237165
17016742
22035801
12426334
18689486
18824174
19889032
15066027
20142038
23043000
11425709
11976083
26940955
29649280
24723119
27006458
24919072
24617951
17103476
17474781
22999880
11591691
30206228
28070267
25621145
24376039
17113999
17220970
16809025
15600304
17704771
21342472
14756782
14688077
19775248
19138128
19400778
9371453
14617658
17593352
23874157
19478828
21290549
24115404
20826445
22267658
22587000
23919735
20432424
15066985
16910643
17653193
18652473
18768797
21561099
29193538
21857911
22861048
22971101
23772837
24123503
25275920
24367419
17369821
20828130
25494235
18635006
21615115
12383521
10421758
11048953
10930733
11451672
12911315
12911314
18697737
21210656
21348454
12183628
10639366
12785829
14580219
14987060
16104723
16887797
17516659
17887753
18182490
18426211
19246381
19817865
19856960
20551990
21250756
22519717
22591508
24974231
16793524
19171307
21387511
16902142
17714479
23406518
23744512
24932672
22444595
24981773
17240975
15332855
10496976
7565634
16834357
21357626
22103656
22991895
21608094
18065631
20430808
16041144
21983160
22458477
18721748
10662695
23549746
10649995
10831849
15724180
23614392
17400765
21183645
21183648
24553401
10863099
21291275
20547882
17564599
23030602
17074795
18001088
21393570
19951434
19494914
16460000
24756819
16723573
19585113
23868295
23432710
25362061
21815669
19474814
17918933
20534556
20718468
16806745
17159202
21724891
23790487
24202877
12511503
14766543
17163649
11033079
12713441
15528494
17142460
27105282
28570054
21212071
24124771
21180767
9831524
11182319
15651040
10601310
16835859
20355253
21097631
12853152
21948844
16156116
30054361
29324288
23012376
25044543
25080172
23688303
25270390
27494047
24506891
24939566
19179074
17722120
23607523
12195964
21454714
7644502
8635730
8635756
15941259
15149210
21416665
24305602
15387811
19762440
18023597
15707846
24973954
19875077
21398531
21665968
22569159
22726958
22820841
14714872
17216057
19189972
20094654
21899331
21675761
19067514
17216664
18266306
23270364
20416506
20127927
15324808
19682255
23349809
16262793
16751498
19159310
21833740
26036360
19081934
22831455
8763956
10521664
14711631
19098220
18328078
10344562
19266534
19680283
23106426
22247174
18972512
23488861
24116213
24568283
31861936
9177176
21224862
16313990
4373734
18291322
21513880
21401713
22214346
12014446
11959542
19460097
15812631
15779922
25861759
23790490
24970824
23677853
21264995
16452404
21384874
22509222
19339241
12458769
11169115
16494875
17428785
19529962
23949005
23311903
23525886
22784372
20722388
24992358
15077674
20503218
16084035
21609847
11591669
20189105
21035728
12446651
12598647
15112993
17502372
21192727
32314848
22765305
10557314
20464003
16707707
12381784
19206228
19448639
23088155
24105772
25529827
19266509
25214315
25097259
23517093
21483852
17350183
22492455
24867126
24768719
21236704
25302411
21543515
25369527
24180436
22544021
24532262
24816640
22873683
23913777
22064543
19164156
20232845
21825154
23157615
29915173
24845309
21299212
22921072
23758576
23368997
25415678
25402768
24436210
25537663
17400768
18291316
24554531
21304647
23932526
24598591
22800473
24475038
21531827
25063658
17928301
20660778
23865912
22952627
23709624
24409990
18787690
21075895
24606727
24246014
23405849
25601074
22162248
24554499
25255985
17873868
27005505
19061923
25261512
18957859
29779656
29439203
26081635
26256511
22972004
25372119
25855790
25609230
25353334
25786909
25755076
25747118
25837682
25694050
25603349
25504914
25831524
25551461
25571861
26963294
25730866
25901822
25769830
25749409
26179970
25892546
25746634
26091168
25763681
25353335
25857260
25156669
29987385
25224759
26319318
25681186
25872030
25741696
26437689
26433383
24621781
26553755
18305355
26515424
27220069
26458099
28393452
20713166
18502925
15904941
17720822
22492438
25326302
24597618
19130892
18096502
23658520
22835272
20192828
10628853
12589439
23261604
10875335
24611558
10975654
25530455
21289108
22865073
23932525
19589392
15800788
12080147
12650935
21926207
20173069
17850255
15932999
27289100
26025896
26507104
26639528
26092459
26505309
26574006
26184239
26503847
26496684
26473429
26438963
26278892
26403163
26412281
24120331
26348978
26349074
26305803
26270237
26209694
26192387
26703898
26553209
27028884
11358168
23570231
25502595
23909862
23757397
22653730
26637117
28221346
24242000
21542592
21876764
23302687
24171465
26150486
27099957
26452099
26473393
20338521
22444591
11562468
18498160
27798598
27234886
26194087
26769357
26880271
27151214
26805858
27416025
26751579
27231241
27242752
27255974
27390873
27248985
26751435
27163034
27447056
27451447
27502607
25859931
27072286
24692213
25831977
26754814
25019332
27999165
27084005
27678113
26754528
27130432
27316537
27158812
26374477
26969428
25961750
26972702
21304681
27291672
27344593
27191535
26853480
34608734
27294372
26954888
26954535
33736433
26242966
26278536
27611015
27107123
23072467
26829473
27074593
20382771
27195476
11401972
11035722
10377135
25510965
23028578
25784695
28128551
28134534
24519911
24706593
28660939
28504677
15326518
21077936
22179067
28452105
7844043
28417606
26051490
24412484
24405210
22328759
29373009
12465894
26663534
29194875
30006405
29795673
30065171
29229817
17978218
14742486
23558534
27001835
27676265
29617551
26335778
29940102
29053243
29500259
30038309
29983054
29507203
23650400
29995859
29548983
23354699
29361220
27994019
23335243
28166207
25961722
28258148
27405170
29565122
31320540
29654178
28270265
27264554
28319100
28383583
28358212
28106375
29679043
27813109
28654175
30027301
27531515
29090939
30266955
28244986
28529508
28846366
28373542
28881098
29227089
27577857
27310134
29674152
29719714
27628599
26126743
27655321
28144348
29799651
28418225
29901979
26235728
27680198
28842536
29185768
29716187
23549298
27694801
29411202
30115920
26337155
28426198
29844193
28535078
29483632
29317534
28708398
29196288
26731665
29249153
28225763
28810737
29792712
28333450
28544148
28448144
28361537
29396588
28671684
29557172
28971684
27797509
29743477
21814817
28476772
29131568
28111075
29741874
27864176
27829923
28698510
29667664
28658258
28507698
12188643
15528554
21840974
31409675
28894917
28288107
26818633
28270798
29602945
27983606
30610075
25641167
27298592
27842068
27856636
29666226
23352137
29229819
26629885
28489343
27474710
29314577
29625976
28285660
27746129
28855504
28371116
27311327
29384350
27731333
28678182
28634299
28505407
27732651
26846478
28097768
28626548
29686660
28846667
28942758
26118790
30025185
29946103
28186197
29255990
28898095
27986835
29517100
29535205
26236936
28207275
28576760
29515228
29349495
28252962
28370791
29695799
29412682
29154789
22627757
32526136
29915235
27718094
29974638
28712746
27889155
29898658
28108400
28854168
27746324
29463238
29979567
29381067
23248299
29308897
28857034
28599654
28253280
29283570
26910858
29396290
29384650
28631282
28193896
23706169
28562006
28365998
28346939
28451290
28869797
29369464
27602587
28218529
27001601
25822496
28111097
28431213
28098952
29972614
28103011
29324854
28467083
29030449
29449488
29062311
27902426
28944573
28590072
28945067
29914489
28673978
27809474
27713400
28774961
28103675
28809850
26936154
28892347
29371699
29150506
27803316
29483275
29718548
26213965
27632559
28418235
28075554
27667141
28620687
23301954
29697266
28858479
26709705
28017601
28590725
28381497
28611443
29807982
28553520
28981254
29019409
26790416
28087696
27311629
16125338
17188234
17711459
17897620
18776660
27120196
28525276
29510029
29083895
28604695
28288097
27605017
28376389
29694699
28993611
29773797
30671322
26999044
25930739
30506464
30995838
31308532
30666877
30677204
9402024
30896942
30995392
32310633
30842286
30806648
30735051
30226784
22615277
27977135
18656958
26675417
27700071
28301141
29158402
30183259
28251756
30809363
31045362
31304040
29779652
30886436
30610410
22285533
19038354
21927992
26456734
31769581
31099577
31644300
30598544
28955461
31059252
16885300
31103599
30589265
30848345
29708647
30286997
30013965
30833726
31034868
26514647
26670080
26465097
29650021
30746075
30258052
26507838
26558485
30629078
30080389
30952781
30643149
30570639
29861965
30398325
30747534
30153835
29910943
30543288
30030223
30088846
30102147
30356123
30262498
30504214
29343058
30617293
30990701
30715888
30379079
30400361
31088369
31399403
30735616
30548032
30444349
30565634
30995339
30746943
30980906
31461283
30855966
31354771
30589194
31518483
31676476
30877115
30394754
30297402
29844112
29112783
29947149
30867596
30104550
30302871
24746278
29134779
29567715
30948631
29350227
30575381
30908039
30853419
30310179
30694017
30795576
29806086
30694662
30556239
30556942
30867595
31184172
31303144
30788639
31095370
18048924
31216742
31247735
32129986
32639716
33918939
32582127
31697466
21131495
31283172
31091070
32040253
33712632
25576609
31906623
31413323
33658492
15094385
25624477
30746079
30996871
23642454
33294793
32365298
31787953
28696720
31880848
33352664
28919037
30578265
29606578
31294961
31451725
33321099
20866105
26240321
30525509
32686210
32709196
11866719
31282068
33881506
23572522
11158751
30905148
33656337
29403952
17136886
34669429
27091090
33260656
33057790
32221690
26284936
19707755
33373180
32790054
31160959
32493223
34113822
23033173
18950228
32925967
33420046
33768646
12905073
23430264
34458799
33917820
32407589
27527063
34510894
34581573
34714309
30151879
29511509
34770989
31594941
33372776
32463693
35583956
35315670
26077901
33189072
30443971
24677498
26503170
28820236
32565425
31117395
28517364
31116900
26332841
28802024
31279974
16091042
31553484
30452111
30598828
33480463
32234543
31678008
32159958
31100892
30804501
30977375
32106587
31655589
19880637
26673640
30807673
30395461
30339758
27143514
28924980
29184068
32275405
25412204
31244199
30809786
30200525
30403849
26851300
32527544
20849972
21514215
30811183
32843555
32182055
32878933
32913332
31815421
32985773
30283667
33004788
33006285
33117309
29651464
30905831
32065755
34094403
31618514
29631395
32663020
26374386
33095987
25164781
31790246
32134669
15319478
18218086
18433432
29142718
27551732
22447538
27559694
33957045
32885554
33834778
33991663
33656898
31474098
29417814
31392585
31885262
31180682
31698543
32433885
32281262
33107888
32159919
32129542
31926180
32936132
32043422
34123230
33242032
34468074
31908094
32779306
32786262
23841722
31061132
22730234
32436033
30942582
30732610
34241590
30996885
31562169
32364293
31447803
31671649
30763082
31816530
31071229
31067786
30707253
22704654
30673214
31050129
31182571
33351797
30609896
21742878
32046042
30912943
21868806
33208503
31765515
30728519
32051588
31533358
30843641
30868174
30753052
30343633
31081214
30846564
31740495
34623817
31800204
32780428
33625794
31605027
32163654
33460275
31430416
33568768
34099916
31293732
32356655
34003283
32527018
32049520
31644258
34617331
33982054
33913701
34792466
31732571
32329169
27133313
34279911
28256838
33382250
34405994
28133950
34442689
33207845
34203385
32392775
33050154
34617948
32355936
31775228
31657934
34346752
28463423
33216552
33844925
33979513
32628027
30801193
33963654
33497210
33533101
31989826
32300852
33590007
32610008
34388000
29086572
33106639
25172144
34267359
33514704
31769874
32424305
31923394
32613943
34404922
33817942
33789052
34132591
33771780
34603680
22275102
27023373
26963250
34378964
34323485
34603665
34180937
32286350
34009717
31853778
21794033
32915576
30217843
32528927
34487423
33886165
33576619
29558441
31766147
33191459
32852937
32429436
32928511
32782248
31033301
33356258
28452358
33736434
33624374
32484694
31553109
32350138
10498707
26085470
23335587
31203087
26235845
32926028
12207035
17938167
12655062
33465268
34600534
32167762
33444023
32182403
26895859
33042096
31674754
33586286
32817386
30217842
24927540
10601218
12902261
22830960
34170140
33782561
33284588
32816319
30987138
34301933
30417139
34900544
32786260
32227858
32235841
32860295
32825321
32822193
31899637
30543302
32524747
32698413
32457441
32139880
32511927
26452553
11832499
25404466
26092457
32484328
32402203
32010075
32849391
31989221
32192516
29701944
32239586
33186541
31922407
31897521
31891272
31744250
31635159
31299158
31998251
31350791
33617244
30908782
31756295
34123341
31262460
31276269
26636770
16672617
17660289
12781517
34085692
31057776
34597519
34474009
1901707
34094195
34164059
33727351
28791101
34643411
31829452
31039188
24009710
25011010
33130255
33599093
33652337
27667988
26351860
26024901
25216349
34760718
28926261
25630520
31994894
34789759
34259556
35027450
34766760
34946566
35293909
35285240
35042332
35422124
35366417
25883295
35246663
33766860
35110408
34793213
34747627
35412834
35625360
35263115
34987225
35149673
35384223
35138108
35367210
35262340
35060699
35439047
34487591
35362960
35095812
35230829
34375042
34940672
34784196
34767291
34835402
34724731
34490774
35403785
31570563
15215626
32345739
34156292
34280083
31075998
33169914
32610457
33517979
34437838
33337146
33466508
35347143
7551044
35440053
16879655
34899665
27337134
23788733
31001746
30908040
31807198
32632478
33739557
24412543
24804152
34085529
34093475
33574430
35748771
21656887
doi:10.1007/s10327-004-0170-3
16292785
23606628
17539640
18232689
21472917
20715267
22517609
17357167
17691088
15712316
17935335
doi:10.1039/C2SC21722H
24222604
doi:10.1039/C2SC21183A
20082397
14694473
20043306
20039253
doi:10.1007/s10327-003-0096-1
21626639
17636916
22488911
doi:10.1039/C4SC01927J
17886826
20087918
17154220
22915379
21726028
doi:10.1039/C2SC21190D
doi:10.1039/C4MD00352G
doi:10.1016/S0040-4039(98)00726-6
doi:10.1039/c5sc04027b
doi:10.3389/fmicb.2017.00194
doi:10.1016/j.tetlet.2018.02.022
doi:10.1007/s13765-017-0268-x
doi:10.1002/ajoc.201700433
doi:10.1002/slct.201700262
doi:10.1016/j.tet.2017.11.069
doi:10.1016/j.tetlet.2017.12.056
doi:10.1002/ejoc.201601334
doi:10.1002/slct.201900922
doi:10.1038/s41929-018-0178-2
doi:10.1039/P19890001885
doi:10.3390/microorganisms8122034
doi:10.1039/c9sc03633d
doi:10.1080/10575639708043758
doi:10.1016/S0040-4039(98)01283-0
doi:10.1016/S0040-4039(99)00681-4
5364432
doi:10.3389/fchem.2021.802574
doi:10.3390/molecules26216580
23281040
doi:10.1186/s40694-018-0063-4
doi:10.3389/fmicb.2020.562063
doi:10.1039/c4sc03707c
doi:10.1021/jacs.8b12010
doi:10.1016/j.tetlet.2018.11.063
doi:10.1002/chem.202103095
doi:10.3390/microorganisms9081609
doi:10.3390/microorganisms8111800
doi:10.3390/microorganisms8050680
27255931
doi:10.1093/jxb/erw105
doi:10.1016/j.scib.2021.03.015
doi:10.3390/microorganisms7110560
doi:10.1016/j.genrep.2016.10.006
doi:10.3389/fmicb.2019.02914
doi:10.1039/c3sc52536h
doi:10.1039/d0sc03469j
doi:10.1039/c5sc03021h
doi:10.3920/WMJ2018.2397
doi:10.1039/C8QO01124A
doi:10.1016/j.scib.2021.06.014
doi:10.3390/molecules26247483
doi:10.1021/acscatal.1c05131
doi:10.3389/fmicb.2021.801467
doi:10.3389/fmicb.2021.783609
doi:10.1126/science.1240230
doi:10.3389/fmicb.2021.660871
16079135
15563836
11181344
15303858
22909031
21280577
24973817
19361520
24038656
8757400
14660589
10639368
12003942
16499611
10212227
15099062
11882698
17041058
15165142
18425112
19301921
21985154
20805502
25689152
9004408
19557032
16957125
24460188
23692164
25879325
25527531
25299801
17049458
17258895
31353766
24048471
26402731
26943626
29434326
27806569
29570981
29522466
29182847
29625040
29444867
28422262
24973067
7492106
30166552
30830740
721705
30297823
11010877
27294402
32498449
23209202
27007713
32092934
31380646
33067466
35404539
17009278
19115340
18683268
22968942
20575135
21506215
18383490
doi:10.1021/jo9814391
17458968
doi:10.1128/genomeA.01448-15
doi:10.1002/cbic.201500147
doi:10.1016/j.synbio.2018.10.008
doi:10.3389/fmicb.2020.01766
doi:10.1039/c9sc00641a
doi:10.1016/j.cclet.2021.06.010
doi:10.3390/biology11050632
doi:10.3762/bjoc.15.256
