27934017
22738258
33416325
20812736
33439640
26849354
24712922
19419171
18774804
27171973
23281960
21913638
30970210
22400490
19778044
34124891
34297552
33190496
30028603
26029849
27934019
22004528
33998805
23330549
22066605
18947229
31059257
28696674
28651046
27611601
24401027
17358057
26927977
25710515
25203796
23957763
25406026
19239269
19128178
18834120
16492023
26371630
23496309
30008210
27176131
31694374
27618638
20163142
33492140
33252223
18826222
35421309
34115468
26374097
34328320
25126894
24621247
22133348
32870666
19968282
17488018
17985882
19731906
32643933
34014654
32114761
20545347
19323552
23701524
28829596
25339089
24106781
22716914
29481072
29086554
28844134
28391681
26001406
25208210
26070105
23414455
22804336
29268020
35634799
32893623
19894735
16569006
35675488
35138096
31674779
26854787
31283214
23672516
30912441
21524068
19518111
19253940
26267117
25919134
19191687
24164620
32786781
32479072
30475610
29148749
35648676
30507169
23082853
20578695
35771005
33645969
32101690
30281287
26356201
33439004
31550879
30964670
29260868
33395528
32605367
32200639
30029574
24020969
22084929
19361158
26138550
31017434
35729777
30835458
30702872
30696241
28004917
18593165
28445637
32395998
29283578
28565905
31613094
30896939
36525312
34191488
25188838
36744313
34807585
32378894
26440740
32924468
28882044
27579574
22026580
35561259
25474411
31769979
33375792
27610831
27589327
23425080
23957305
34424694
20942456
36548378
34802239
36657461
32820909
22524413
21265511
35157426
29377688
26966844
26235707
24512553
35436404
35649270
32786813
20222707
21913686
31660741
30198716
26854515
24754228
23531104
23020793
22551239
35952667
30350956
31841336
18558690
31016976
23350611
29480012
22953986
27960327
24902769
21973048
21053935
19243144
22934656
27583687
27934017
22738258
20812736
26849354
24712922
19419171
18774804
27171973
23281960
21913638
22400490
19778044
25859931
30028603
26029849
27934019
22004528
23330549
22066605
18947229
28696674
28651046
27611601
24401027
17358057
26927977
25710515
25203796
23957763
25406026
19239269
19128178
18834120
16492023
26371630
23496309
30008210
27176131
27618638
20163142
18826222
26374097
25126894
24621247
22133348
19968282
17488018
17985882
19731906
20545347
27864171
2843094
2694960
14711680
16349151
16349150
16348228
2059034
16535043
23811503
19820159
14532039
15184192
12039789
16391125
16345375
3662502
25724954
23455339
24705326
19218416
18641161
28625990
26253670
24561592
18359834
12450828
17873072
12788696
16535725
453822
18083854
12571062
11679347
10388732
16348921
16345992
637550
19011071
18310414
18203860
11319085
22267675
16957248
19376923
12514017
11722903
2275531
18039828
12200269
12089021
9758810
24162569
9758844
25527533
16349365
16347973
8953704
21097578
16348007
7377780
760632
16391112
11976089
1539980
3888112
19617385
16348788
16346572
16346519
16346518
16345468
16345275
413485
12406719
12089006
9212425
3548593
17921270
367268
2268165
24561583
16269701
12039731
27637880
16345671
12324332
17933928
6446262
2974273
393171
16957225
24212576
20363789
16517671
21239555
18487402
18165362
23001653
17122396
27260354
18806005
24389928
24584239
16347918
25819972
18836003
12957923
11772618
16269750
22885756
24610848
17675436
19783751
28710270
24413601
26150461
14711692
16332779
14602662
16348169
21803884
16348001
27986721
23042166
23709505
12732540
21890673
7793934
27940541
20139310
19633121
17351099
21357427
8285687
27316966
18836004
21742902
1660697
9097436
15574907
12450845
22389365
22286984
11133422
10347024
12450857
22038601
12676706
12514021
10584035
26025895
20382818
28778894
10103255
20418436
19717632
15574965
15240303
21784907
25398869
21193660
9172359
8593035
15006798
11772642
23435896
28625980
21803889
27940544
26712554
26773084
20061458
26070675
22156435
11722934
26746713
11916671
24038692
9647809
17400781
11571204
27371583
24096426
16347836
15240249
22344644
24185847
9251194
8534098
22081574
27736788
26873318
21571883
27836850
26253671
23563945
23377940
18658282
29334166
23362121
28067010
33410196
23165916
17139690
30753755
27558878
34058051
29517836
30920720
33452852
31814269
25412743
23824602
24803415
31730246
34569136
32180318
33983667
34890095
32964553
32400081
18478523
25394180
29341391
29148157
20461743
27319799
23401304
32315503
24677528
20052709
18798210
29384255
25044341
23585185
26478227
33142009
28052473
22262650
31456307
22021204
22777954
29446199
34213836
25620679
19533711
19301312
23307594
26538065
31194278
31012235
24458973
22271654
33442901
19437523
25953623
12794861
23630137
29479781
30307690
30043401
27113245
24376040
19145606
32686895
28182850
33084237
32358921
23881799
24259287
31197917
22238143
26919579
34002919
21681880
23625817
29417711
22628069
33058333
25530501
31074548
18666307
31432615
19105176
31365170
27902870
19856367
34699123
33428317
32662164
21538758
19396893
34190382
33368926
26503489
31310428
24436288
17661302
17541989
30051958
32484951
31664790
31059184
26205791
22807320
24520048
30548564
34390111
32786103
26457983
24838693
32597008
31612581
33527702
31513332
32677310
26670055
25256385
34758178
33174683
30338897
24002936
33950564
22134972
31821694
25044429
28851116
23362105
32964640
30388302
30957316
21960454
33644966
29979493
24861567
25477243
30618116
34062039
34569126
32282108
27253512
25044660
21243712
22162214
26305708
24771705
31899839
33710715
24828915
24009094
28741290
28603929
18756554
28006082
18563773
31560820
27709766
28256791
34431592
20099291
29869826
33332701
25045032
29863301
27441919
33180981
20533493
28449301
32426893
22174034
25487859
27731539
32497371
27431934
19422009
33410571
18506876
19156786
30843313
30489013
18972510
29742306
25056925
31298807
24961813
28116768
33861519
31702868
33755275
24166802
31709676
31692216
4333373
321430
321429
2808303
2808302
16923880
16561951
14047211
6643393
6294053
4977474
7007330
2165475
8288535
4914079
4574690
15743970
18408027
9620957
8631692
25157078
9537367
25225276
11741845
5686021
5555557
4926683
6281244
4612022
4580561
412830
9294459
7961415
7076625
977542
22374953
17631630
6252196
9696763
7275935
24936050
15547262
2993252
20601478
8226674
2592350
20656904
16980470
8106320
7690025
6194147
2844724
2211535
7009575
7009567
5473883
8636030
346581
2448296
16561946
4889273
11157964
8113175
17693496
3027029
2437099
7635811
18567661
16952957
2985546
2174860
2108133
2108125
1898932
4914561
22081389
10383989
7642510
6769908
4353871
368029
8759860
10671451
3745125
2376569
23161026
22461543
1833381
3680177
1084341
1080485
172489
23209224
19734308
17028270
22609916
14066432
4334762
19854908
14129671
4333373
321430
321429
2808303
2808302
16923880
16561951
14047211
6643393
6294053
4977474
7007330
2165475
8288535
4914079
4574690
15743970
18408027
9620957
8631692
25157078
9537367
25225276
11741845
5686021
5555557
4926683
6281244
4612022
4580561
412830
9294459
7961415
7076625
977542
22374953
17631630
6252196
9696763
7275935
24936050
15547262
2993252
20601478
8226674
2592350
20656904
16980470
8106320
7690025
16984890
10467128
16183024
10467126
16638531
16984886
12573699
15113002
12573694
15112996
12890534
12618190
16242655
15797214
12618184
12573698
12890532
12573701
15112985
18721756
22118667
19778724
20338520
22840776
25754473
19477420
26670079
26000749
23102221
17379144
16984890
22118669
22284361
24583052
23352143
25036775
18721755
25544044
10467128
18804025
24290880
25794433
23261603
25910243
18559271
24440078
16183024
18355725
24726832
10467126
23521801
21095571
24054183
18096501
18355723
20338511
19778726
18940672
24054182
23261596
21700213
25455858
16638531
26165155
23352136
25728269
17884636
20609406
23177202
23521791
24210218
24183971
19318211
20189103
18420146
20659682
24210004
17317566
24183970
16984886
24613020
12573699
22726691
24210220
24768306
24211138
22921064
25699604
19318213
26119999
18804026
24439206
19875075
15113002
24529990
21276945
24768307
23438756
22749558
22035796
26364932
23102219
26687481
24856137
20851351
21035726
18559270
22633413
22035794
22520756
26091169
23102223
18559272
22633408
31610076
29791082
35644923
35680561
35106899
34580972
29364564
27273345
32128962
35912811
31943602
26419786
34337846
28644511
33084156
24677313
27465495
35834367
32881255
29756689
31610076
29791082
29364564
27273345
26419786
28644511
24677313
27465495
29756689
22893619
25287684
30720233
28746772
25078562
29797682
19950156
26846161
30688389
27479708
26695726
24133010
27403637
28722323
31778296
23606645
25917530
28646542
26079935
29265694
19415637
24777684
28294469
29757483
28470979
31430019
29660768
25753953
27813276
27712025
28319304
31531917
29939484
27510819
23460402
29370452
27062481
26959082
19130513
24990104
28598527
26822005
30785666
30238593
29534322
20583020
21328654
26013548
27271012
30737876
26383272
28194833
26387796
28514044
23609997
25195788
24920312
27533739
15786522
28370917
30102448
27774732
24828967
25470723
19219886
24167018
26756442
24554529
30969469
26332432
24939397
31482662
31692167
26663468
30710397
31538679
31557383
31340084
31034686
21681876
26190051
24478127
24961608
24130155
24254636
31390130
29316080
26212926
26230189
19591182
23650111
11607689
6338499
6248850
386330
12909716
9860956
6314326
4108111
16593897
22371604
12853573
12388774
11287663
15703297
8430091
1829524
1902573
21149676
9990017
17609389
6353411
19342487
8392195
3029779
2840672
2836868
24043825
21949384
16593025
8990176
7568221
4522290
3353365
2165606
1729690
23487798
21245314
11972037
8395047
19959667
18003898
24248382
21173221
2326274
7638207
14734803
10557330
11904370
3186724
3470798
20457940
18258741
21788481
4351807
16592755
19805046
16593262
16593238
366606
360214
218219
2932739
23674672
8637884
1409663
20080629
16505363
9326594
7512732
10570205
7567979
11983918
6806823
1986385
8692947
22198837
3889903
17664427
23690602
7045875
7724607
6933435
279002
3029770
22106296
22223662
6405380
4155072
291953
2836869
325561
221899
6946479
6326136
8570597
21670295
24335803
6351066
16593726
9501255
11607689
6338499
6248850
386330
12909716
9860956
6314326
4108111
16593897
22371604
34592816
29790735
21194239
26492187
31846293
23802178
26441143
31243963
24266806
30063821
21992006
19053243
30586284
28938067
33601889
30620559
25546141
29091392
29544052
29048873
23755878
23489133
31556993
21977972
33314918
32459465
24730530
23547844
26808478
25457457
26492083
23003343
21506516
23841778
31820916
30346689
27548116
23941200
24738918
26317160
25630033
17518432
23895624
25051296
34569782
23363077
25689043
24896226
25815636
25244001
32786290
32364699
22670809
21348431
28045484
34734691
26540123
21595486
31714745
26630475
25572285
32484653
25382858
23841803
32786259
27362945
25775006
26035625
28135057
25062036
31775004
28128549
24911101
26524220
34019369
33074644
27574921
29028314
34240844
34032403
30500207
27326450
22536950
18642800
26886255
20806951
29365249
19292452
23387427
26930515
27385075
29345901
32808751
32378881
34416110
23472820
17407302
17107083
15816733
21332131
19170621
23293947
21848347
18410123
25420218
23545123
23413952
21175151
24684554
21834568
17583343
24313859
22731862
21302903
24617639
21175153
19496595
18311992
17078689
23075289
21528870
16956221
20102172
17465557
19719209
24865180
19115841
18553974
24684491
22235754
25141097
21250754
23134251
18355076
20092358
21842835
18557628
16956219
23586838
21815670
19199763
18989967
19719185
17629295
19046048
19739691
24151973
15932234
22817697
20507087
18613692
17650008
21434607
16146389
15101770
12841779
12659561
16774243
22449198
22375950
22783971
20731371
19253999
16494480
17217284
16408886
24313360
20527907
16321021
22681565
21080645
25002256
16737305
20184338
19719176
25190259
20459077
25198672
24147839
18693745
23544444
17447781
22967068
21405052
21995751
21793536
20078082
19166346
15704939
23098194
19439075
33632118
24252441
9493383
16207921
12624213
11782517
11238969
9387232
9168619
36195831
9884222
24625451
20609240
15256549
31856722
7582024
14600235
19630994
10220168
10517604
27902427
17975090
22682021
16045794
29233095
18757802
10217488
21122131
28836948
22700650
9141678
10746764
23521926
31382894
36178464
19193212
18599841
16622057
30309323
15289572
32847510
7582018
16436433
31910798
7921264
15799787
19686585
24742141
23924281
20299401
17185543
8932710
27914477
22171685
20688827
12855728
26122105
12177337
19881522
34271864
15766388
35081910
27887575
19228437
36457079
21073699
34090353
16385122
12055303
36127644
16000726
16849803
19493359
15699210
30616519
18215300
24794971
27926815
31690259
25648185
10708370
31795952
34979898
26494007
22375935
24336463
21921102
21493684
26199012
27473095
15289553
19246755
14973139
15485812
11062245
1123332
30523155
3023363
11279052
2670929
168203
6086613
3889001
2826421
14660615
32651228
31126987
20647304
33273016
30622135
16478728
32611770
10722691
9660839
9092562
8195169
20630878
20538588
7009614
6995457
6330086
6300074
6226666
29669808
2857174
1379233
27226582
10409647
9312072
10473546
16760472
21515687
10734102
8083240
1847924
7096345
2550442
7298634
32075907
7540169
7929072
7814391
6327662
6315709
6286648
3597359
2826476
2553726
1939088
1460005
8557704
15226304
14707134
11559701
11356827
8444840
16096272
15339920
12424252
11595738
10809743
8550569
7852337
7814374
1836214
1356975
1706709
19122198
21190941
8276836
1400341
2509470
845160
2543666
1657904
11278430
9452461
9624126
11886872
22241471
22351774
6231286
18957416
1695634
30710014
28515322
7775445
25192059
15974627
15620252
34519213
33882233
23360118
35698995
34628863
32031795
27997206
29227099
26523419
25782063
21870828
31860304
17286429
29319316
23327877
34170698
19572613
27813411
28106998
19449881
23356946
20232858
28029796
23987662
23252848
22098611
21314099
31794218
28840714
19795843
36215157
33496580
21563811
20085307
16124752
23444833
32852949
17602586
23987585
31815461
23659282
27010413
25299458
17326683
20353165
20704301
28718638
35293752
29345939
29979591
26562066
33124806
24617915
27657857
21261296
24025162
22360686
29517223
28617598
24251417
19485332
20718450
28140586
25203741
28749671
18563934
24484381
33706515
22482367
28170253
21028898
21375312
32347726
28128554
26496505
23145932
22236331
28135095
19459694
26539813
25919052
32196334
29400964
22758788
17315961
16180816
36657039
19485329
26812276
12760685
2448279
1556019
1468978
3123448
468732
10604758
8244887
2759910
10695671
12374381
14563155
3429339
11592500
10092194
14563158
14513904
3693124
3693123
7868387
950320
931814
10805570
7928698
3610836
2410397
239917
8040073
7928680
12546419
6654757
6547129
3198495
7844032
3465717
3346193
1778790
1624374
10966078
9727392
9531981
7490209
10966072
10966071
8436560
7451367
7451366
6947976
3759649
1473988
1399846
528393
8226313
3058670
9592569
6678913
3531130
3139602
1968901
1676998
2387768
2276971
2211374
6804425
4077726
2651374
3693127
4077733
3957788
3949632
3081473
6195141
6184359
7592020
7287590
6415030
3192497
1313410
6605334
6605333
3356606
3356605
2061193
1778793
1500361
1429240
9918397
22435712
14651613
12207690
10632887
18312268
17302824
19017275
12603739
18394144
11260465
32614458
15819633
10361301
23750784
20384695
25116816
19943905
20132454
16879409
17462024
11260463
16553872
17897373
23962317
19818014
17302822
12123464
14507382
21255110
12864859
15522081
28833791
23075270
21645130
20923416
10231490
19788542
25213368
26585449
12139613
30927282
14622414
12581355
33010070
26103585
10417653
25846124
18485066
16573679
9484885
27502190
26711808
33084151
32259388
34121246
16102010
21276092
18554322
23869473
27874229
16238631
21306449
19656294
26224545
11123686
26032251
22251284
10931357
23113660
9157250
16194224
11136447
11489130
14731275
22994198
12366837
10216857
25560615
24350798
23734719
18410495
28795788
30580382
29869071
34519856
25935344
32125477
32009200
25398283
28924834
23624683
32125479
22170106
34761275
20809073
28707067
23104645
24557568
32248443
33159543
31190240
23681588
21706171
34151414
32830291
25981999
30105571
30535578
26552797
26264135
28660288
30879089
30051138
33630153
32047989
26910040
32285176
34568961
32088761
27838839
31953559
32040605
29705958
31161390
32820373
31900553
31686149
24811407
18795288
22555912
27633101
34415393
26454868
32500269
31781818
20535466
30877355
30056514
30143837
34423408
33950278
20012277
21132287
22718248
23982327
26142390
32535695
18820907
22639141
25851715
30847541
28365798
20162270
17053902
25567511
34542685
34180006
25750046
33515287
26846745
32140842
26205523
29159587
22141927
15627385
21417995
19916932
24328062
18605974
24528777
15065863
14580212
22564171
25519061
24228919
22817538
18021069
15807661
20014832
16618110
23992349
21923139
21141905
18553928
12223086
21417405
18850724
19908865
24559055
23745598
22263647
22971227
19943616
20873788
23713611
18476726
24559102
22820672
17474718
20441187
20041635
17508724
23198659
17279626
21092192
20550106
19364127
18605984
22208697
21050017
20021659
18361507
23718289
18044967
23614568
25286016
22974326
20618144
23094644
19919104
15182174
25400026
19146389
20575532
8555213
7577980
11504566
20618141
22966895
23617808
22452743
23875651
20166740
12059772
22098235
12731890
17059213
19379010
21476522
20180596
25005938
18942852
25084233
20886866
21418001
20210703
11996665
10231588
23157259
19583244
4207957
1605608
12435694
3010848
24189253
22585223
20516273
23917322
27270284
27324774
8849237
2966608
2193625
28947471
6817707
26711750
22751539
27185794
1339258
8239614
2840018
2118329
1952840
24637692
25645836
8834896
6375565
17420209
24342645
15917526
21357306
27401572
23070168
20421399
19139283
18725449
25918149
17283201
7103457
3124730
9257738
4857860
4799557
4799551
816249
19104021
10681356
9449263
7283423
6282192
817663
24041901
23587952
26621621
7125626
24041883
1267431
28696241
6774666
334063
28137805
26621623
8787888
17101678
16940124
20837754
3245693
9925520
6903436
17220406
15388483
11959580
9736535
9660987
11709312
23335739
8878567
9661025
9257755
25753629
22508306
22143523
23089754
20660665
18056272
19752275
24820077
16304159
24687496
17005803
28114276
19718042
24121552
20081828
25531891
22406519
28628097
23377040
22634636
28805802
20081826
26502156
28719589
18690216
21151122
27322069
27571479
29155428
30061717
21240261
28398287
25108821
22327402
22344176
27748753
27723748
28805800
28244988
22366722
22037471
18026094
21804534
27428513
26414444
27089030
20581822
19734910
22902614
20601941
24056400
29377001
19396177
21076398
19172146
22610035
25978996
18604202
19718041
29106396
30559425
23251572
33529236
35544536
34415926
32463818
21998740
28498848
30571745
24949957
24098730
27529789
26030825
24260462
33320878
28445493
20856893
24312564
22291945
21789162
34270573
28445507
34492050
28192439
18414672
27505431
18431481
30699108
24204983
27149113
30332463
26930651
26629827
29652939
32053613
28552956
22545083
35675336
24416353
22194876
18596941
23185239
28422993
27898738
27835696
24595074
26510157
25340701
23382955
22916197
17625934
20025988
25460849
24007936
19450701
26563415
24959657
24881580
24412483
26004989
19146970
18262811
25267175
26555930
22626843
22469835
19501183
26701311
25687931
26117688
19770064
19032986
21396477
19393757
17254815
26051489
24792495
24613993
23872076
17267247
26300319
24240058
21220037
26092784
24560614
25975217
21807107
20659575
26092785
20044015
25857259
23022264
23954835
23454547
26092796
25687934
23608318
24595073
27762264
27901024
31434883
22009037
20981018
24071777
30181538
32636396
32591508
28480883
26656654
29317622
30842420
31653846
29234039
33298927
30209250
31729379
31097699
29875445
33243970
28569752
33177498
29802295
32123171
29532793
25854761
32669558
26635249
30202057
32221289
28808316
31586123
32286296
32732991
32958811
29769523
31913279
32978391
29150600
27727204
28537252
26194781
26067104
31253807
26198420
10220898
10867239
19843310
18771422
20629755
19758329
19025570
16451195
19054107
17229060
18355277
17451448
8293952
9351196
8224794
12670692
18355290
1657698
17711456
15019731
1715834
20158522
10077832
9271851
20002189
1526447
15108720
9170270
20199571
20030721
11094287
19222575
20528940
9066110
17263845
17608697
19025559
19909344
20636978
17229062
2744419
19903200
19146571
7705612
19459971
20345377
18721756
22118667
19778724
26091168
20338520
22840776
25754473
19477420
26670079
26000749
23102221
17379144
16984890
22118669
22284361
24583052
23352143
25036775
18721755
25544044
10467128
18804025
22921072
24290880
25794433
23261603
25910243
18559271
24440078
16183024
18355725
24726832
10467126
23521801
21095571
24054183
18096501
18355723
20338511
19477421
19778726
18940672
24054182
23261596
21700213
32055339
29861982
32055368
29997778
28970935
29732063
28989653
30881678
34123305
34123046
30123453
29560220
34377407
29732070
34123004
34163640
29896371
30713637
29719692
34094066
30647888
29308164
34163957
28757960
34476060
28572908
34164003
31183057
30809344
32953030
34094287
30996891
30090279
30881624
34820111
31762984
29997787
29719694
30924271
24237481
19226299
31173438
29633455
19689706
28504350
30815928
11472501
25339269
23834245
30895662
26462993
21272184
29727050
26415900
21244597
16817937
23057688
24467511
29314504
18093161
27883255
22676420
25040129
20880332
20406298
19125816
21631690
21980988
19840102
30051558
24428193
24428801
30047192
24428220
24308329
21966903
30488364
29978373
33693788
36073749
34196357
33599744
28197796
35259275
27738839
33899921
33674826
32367443
34601573
35648451
32661815
34124750
34791342
33693901
29552703
32743733
34351398
28429154
34669957
35289917
31165970
32894379
34113991
31432338
28160205
34549297
34453549
28185100
30426283
35218187
30484123
35536571
28786013
30460506
34180519
33640957
36150719
31175523
19420690
23391929
11210127
14586091
15388981
9614701
22878194
11055398
10478452
18685210
9648225
12728987
19352009
22484928
15618633
11272821
21071842
18175904
18685202
18540081
15170128
14519978
27315719
7772818
7763876
21150106
18603811
21897025
23470742
20378992
12224632
20460699
22738975
27315928
10705460
16306711
16377912
17928680
18776664
22738964
17690474
24310320
24108414
17464419
24089251
23033157
24728423
26403518
19300818
32101217
18292872
24166035
27251595
25666118
21283901
25078446
31781713
18802645
21431182
28091666
23925474
25316145
34296731
25712161
25047799
29926875
24595500
18688479
21494704
30022178
21180706
28210722
18802628
31115430
23044819
26821702
29789847
27548611
26881499
17637967
17340000
31670331
28590490
16134897
11768543
12848429
16353551
16776293
9675896
18052884
12059101
18986256
19271955
17990960
16941899
21899437
10659709
19132870
18052881
17249423
17073304
16134892
12036279
30669426
35736198
35200636
24284425
30441860
24451194
34203870
31207871
30373260
23880932
36547883
32121316
23697948
36662212
34356820
29614734
29461501
27271641
26082989
20411124
29599245
11546865
23042895
36264827
24903563
30819928
34516840
27789835
30679371
23599497
31395777
23258894
22053050
17510367
25013066
26659054
22144463
20110488
25414303
23306437
33613505
31031713
26579082
30018598
34950113
29118749
32595623
27679621
33584589
29081766
27895625
27148199
25400623
25324838
32754128
29441043
30555438
36891397
30915062
34539594
29143781
20657472
25157469
23358327
29160824
26540031
27455220
25268713
24549231
29057793
21030912
22932213
22406900
22117171
21712759
29023425
28358309
24531216
27187343
25383753
34028569
16544168
33483795
31190085
16133632
34350471
19247632
35478049
19760266
23589225
33791834
27125652
35802152
34410443
29423562
35978053
35462604
35788908
35913638
35907036
25383540
31619788
19829379
4623141
27296225
21814200
25219850
25707794
24153180
22080955
19693008
16625196
23636333
22722835
24670771
15085136
18923516
30918408
27487211
29973717
23508060
22814856
21103503
23459665
26680370
27561030
22076830
22951893
29774326
29313043
22362067
21519615
21116528
27709196
15467841
29484327
26066846
25571979
21541386
7616969
7544431
7891656
8676869
7770053
1904538
1745236
3478552
6272065
1766436
8804409
1334530
1334529
2573820
1886605
1904534
9604892
1648170
1654501
1311405
34171229
26933743
32302583
33740434
31130519
30905680
27291402
27341430
27499528
29657086
26877021
32916087
32707039
33730553
36889311
28366621
34672954
30799221
33798447
36557571
36838363
34835464
36014009
36363798
35056630
32887277
36296325
32370070
32183072
33807116
31130662
31510075
32121353
36144401
34361975
32295093
36363776
36144451
35336200
24950717
23724933
23565824
18715506
19224643
25511933
22230737
25297811
25880642
24972629
24984858
21070645
21729306
26606923
18261224
21192789
26728943
26462652
24655934
23622346
29666416
31653902
29247180
28397786
29367734
27405541
31409814
27193389
29138497
31723169
26606853
26047132
22355684
30923327
28079178
29643426
29079786
24946906
29930306
30382117
31284717
34851606
34319697
30040895
33471506
32374988
30408954
33347747
34463482
34347446
34156232
32374981
33835777
32216371
34672518
33684287
29939709
28414905
27997130
33289668
19883658
18602119
21821041
1942048
27519796
9680479
19715704
19715702
18616948
29530612
26522937
17157314
1645410
19850053
18353368
26687034
31238043
17324440
36580169
35218396
29796759
30022352
35031863
32306107
27640194
32970232
21305318
19701652
35902388
34586498
28710561
23793387
25079914
20661590
32296927
32172356
26300531
18704499
20358053
20931132
23403814
24056872
22772337
22041788
19823752
27303926
24448676
24129674
23872922
24413256
22673640
20711537
23247090
19462022
27841427
21594272
22892851
26568416
28778165
24410856
33541381
23031552
18394159
32513165
35999638
29268745
22040346
29618383
22314137
29871626
29729667
31739786
29183326
35655185
30885206
31409416
1991516
1426246
10722850
2547649
7543061
9468316
2462515
2265714
6133781
2860013
2060623
3053250
9883892
8977104
1078862
